$ANSIBLE_VAULT;1.1;AES256
31666133373530393530356166376261386636366538663431333137313738316331623662346331
3665633262633766663363326565376630366530623263360a616135393362343333353063626530
33626536346165313033616261626166376636353961346263636430633532633637393034346334
3139653539646433630a663536306136633033623065653865393165656466383330366566636337
65326566643366316261396439663632343935633039623831383230326136356431653065663934
32343439613162313632366634666135653234343761303839646462373633623337376639336566
64326434323765353633663333356163323062356464366465646537346433636635653139393662
36393530336339336437373332623366643562383138373538353839303466326635643230376161
36346530373236383130303936643539363635303563636637613636633439333231363964363039
65303231633436653734623135326463356538386364633466323334333331356237663464386363
34636332393266623566313861363866313166623934623264303530343132316431333662303665
31633334646661353464383434343139653463653764306637653532326131623764343739373161
32356462313265656535313263333530333433663133353833633936396637623337313532383032
39376136663637376366336131646637613464363335386437323230393731396464386431373239
33633034623739666639613538636532386231336233383039323334356662663062613933653537
31373135653639306538373639336639616361313566303662386332653864383139303736363236
32383464613765333132376139303831356430306564323366623131373666383136333262343931
62666532336532343765656238383436363965383961383935316334313036303037656663666230
30336131326462643966383135656133386137326664393564366238653536613565643662393237
38343537626163616362663766333438363137363666636335393339666135636261366264383166
6266
