$ANSIBLE_VAULT;1.1;AES256
37376537353636646235316536653465636132306236646263316230613765643539366432386465
3162373834333736363462343736333966363063633262620a396536623861346365353830306464
30303366623666366434383264353135323261613566643762343466663037616566663035306336
3234323834326261330a656132333364346664383737346536323335363834613534643339643164
62336232373462653462623536613764306630653339383264353563373862353935643864343537
66656462633033386331613239356133383237366538636136336130303732353432626536326463
65346265393762633531343237366239613639653165326661376139383432663132373665396461
64616662323434313335653563643839333132326436346131363464343830613666636430633964
39353566373831376631373939633063653735653136313338383263326565636461636133306236
38656239656238623364306161633931306538613538663061353034613262633162313066633765
39386133393966343063363338616463383064316432313136306230353039616632363633333638
66393736373037623166636133363436386663386532653162353638616464323665363266353230
31333438383137303866353463346439343737636139316266313063383938613662373536336663
30366465386465366366323266313364366563643061396433386431363535626532373437633935
39343534653461366237373034373634346464356662303034643737363662646165653966343530
66633830313961393439626636666431383938313736373462306238356362366638653239633465
62353063343431616337366136333963366437326131653039633963303033336463623964336266
37353036326531373431303263386465346666393437653538323532613335663132393265666531
30643033303235363830393134326330366433653633316163376632366138343865333937666165
38636663396362343134626363613534376164313931373833663061333863336535643735633231
66623865306533363035666534356330326637336163656661653634386538386465363865383431
65363835373165393061633564326361373837333330356237653331356461386365633766363731
36326162643939613733306162356266613866623564386432633732666637656564396230643332
34313239356365663237326537656563383163336231346435386166303963616262333930663338
62323532396563316163306531323137393337626537663434666638636333383134386566393366
38383331616530303864666361373434646664636436653536336661643762303630336539613630
39333465633336386138326163633539623364333263616436303261376630346430366462343438
37383464393239303132373665616166633130393638383330376235373161633166393864366436
63666636636164643566633966663764656166393833616337306430386237313230326661343264
66636532653736323036336434356331633465356464646365393334653735363130663737626562
38623536666132663232303135366632333337663261386535623335623632343365303530306563
39316463313833373766663732626661393362623037346465353433353536353233343038313161
65666338393330656437666564656236353765316632303662383435383738323461326639353466
33366230393931316634643133376636393866613662386538363063323365383139313961633365
37383939376461356461623939633230326337623661306538663930323165656563646663303938
35306639376233316134343235313061663536613136313562383436313737383266646330616136
30383463386339363761393963346332663861363765343561636265356161343161613562656338
33383262646138356638646231363530353036613962373532366565333966323639393965393465
36303236306635616432623939363438376663393938336431316639343133326530646435646166
32346530306262316631323932633765356538323231303466633461306261663630636437626265
32323166653338306135383664383032393631613832373539316233393132366365646335633139
31646438383432646566383338316236323861353364303739646130646463356632636564333439
64313534373637336435323537633936396539346235643262373531323432336231643437386334
35363162363538393764626130636166613031636437393634613235373861643931326363383339
32303933613939636237333635636630373939653535376332663731663536303930613439656463
36356332336563396464633463623331613637363966653761336434363534643134666133303865
32663464316537326335613466616565326239343039653531336539313062313832643134643832
35386563626265363162306337633133373731653034366532336531313935353834353162353462
62623536666635363334316534636437303139336166363530396438386266653536663066343363
33313133306636343865646438353362663131326165646162303038333935383135373861386430
64373936336562333366366337643163393866323263333861313766303936623937333138613630
62326533323963663361316234363437626433313139316237346335386436386266653665383131
61363034663032363366376435653939393735656537373935343431326337653931396130396334
39353430646464376463323731386563383730323262336466333461666462313130383632333761
62383734323438393639623131666132353064363064636266326435626261326535313235613633
36663339393532396666633362316363663633663165373637626266333437373434333164323834
63316565323637623461646231323566653532666331356533393132656263303661343637623331
32336330633939343936336665613663623135663961346163653265363434356535336637303630
31626531346466623538343637333163336535366237306639333032303536333837653365393239
30353534303163313963386634353665383637333537626430663263363434323735393962643332
66376534393235643430326230626535643238346163333366353764646234313831363365323664
32643438356330393930333466303939643434346334333939623865656635313339666137643663
31643334303634653338376666396663336461616435383838646262346135663864643137356534
61623032313462396663643462393339646433633538623232336437366133613564643861303937
31353765306137373033626363663364643334356438373731613237353365666238646533663235
64623438303430383830646562626135356566666662306230363439643964663662623435323837
36613733653465643537633232353563656166333539613161633939396335363639316535646561
34373661643834396233313838623432663534653231616239666437323666633165336562383566
64343833313130313838363038373735333339363237306131373466303364363738616631613563
65316534346532363232326534336562326561666661366465643763636431343831306661353837
35313162626661396461343339373563636535396261346434323962333366616636643537366237
38656633623136363336373836386564656230383665323463346665333931343631383835653366
36636631383263396533396238636131306635623163653364386662393066346436613466626132
65663932373765376165343066323065356465623631663837613862363864353261303132633437
65646133393066613936326262353135633634656562666361393532363462383831316530373964
32613265323263343832376338363239336362383931393661336437366161386133333835663532
37396234363861303962336164613737663832386437396236656537316562643837383866613962
61626663613663306361336364386639366465613564346662363864663037366461366638663766
36326234336565393138626138386132343933353865346165373165336438653538666438656262
33383465643439343832386430393034343935613935333064373564343038646565396362323562
33663461623636396261353863663039353361333165373031326630643066346666623462363365
39356566393531313838393930383234653732623538646436316463393739366165656266383330
34353635663538306239356265366436353035353334643334663737613439323234623633376461
30336337323736363863306334383630373638336332633534613363343535613033626536306636
65666534353034336635363062326365633635383434343731393731616231376130643937363434
35636261616235666534646431383833346531393234306239613132356437303831376663323030
386437656136393337386166353730613462
